[[ 1.00000000e+00 -3.43473632e+00  8.94438216e-01  1.00000000e+00]
 [ 1.00000000e+00  4.16052635e+00  6.08661390e+00  0.00000000e+00]
 [ 1.00000000e+00  8.37284862e+00  1.18838427e+00  0.00000000e+00]
 [ 1.00000000e+00 -2.95826899e+00 -9.41841148e+00  1.00000000e+00]
 [ 1.00000000e+00 -2.28442398e+00  6.92178921e+00  0.00000000e+00]
 [ 1.00000000e+00 -8.56586216e+00 -2.38190904e+00  1.00000000e+00]
 [ 1.00000000e+00 -2.54509081e+00 -6.52857207e+00  1.00000000e+00]
 [ 1.00000000e+00  5.86873586e+00 -9.97287657e+00  1.00000000e+00]
 [ 1.00000000e+00  7.82553716e+00 -3.48745260e+00  0.00000000e+00]
 [ 1.00000000e+00 -6.80213201e+00 -5.25791017e+00  1.00000000e+00]
 [ 1.00000000e+00  6.72160322e+00 -4.11167739e+00  0.00000000e+00]
 [ 1.00000000e+00  6.53922263e+00 -8.54869594e+00  0.00000000e+00]
 [ 1.00000000e+00  4.20142632e+00  6.75868183e+00  0.00000000e+00]
 [ 1.00000000e+00 -6.37830924e+00 -9.23344290e+00  1.00000000e+00]
 [ 1.00000000e+00 -8.43051618e+00 -7.66525377e-01  1.00000000e+00]
 [ 1.00000000e+00 -7.69746590e+00 -1.50888753e+00  1.00000000e+00]
 [ 1.00000000e+00  1.77485671e+00  1.54212057e+00  0.00000000e+00]
 [ 1.00000000e+00  9.24395838e+00  2.95776417e+00  0.00000000e+00]
 [ 1.00000000e+00 -6.02805762e+00  2.07096114e+00  1.00000000e+00]
 [ 1.00000000e+00  2.37640906e+00 -1.10943356e+00  0.00000000e+00]
 [ 1.00000000e+00 -6.16735578e+00  6.49049489e+00  1.00000000e+00]
 [ 1.00000000e+00  1.93763843e+00 -1.43000287e+00  0.00000000e+00]
 [ 1.00000000e+00 -2.61744541e+00  2.40528406e+00  0.00000000e+00]
 [ 1.00000000e+00  8.71804589e+00 -4.66924578e-01  0.00000000e+00]
 [ 1.00000000e+00  6.87813827e+00 -1.49122084e+00  0.00000000e+00]
 [ 1.00000000e+00 -5.81725897e-01 -6.75872869e+00  1.00000000e+00]
 [ 1.00000000e+00  6.68660518e+00 -8.24451926e+00  0.00000000e+00]
 [ 1.00000000e+00 -8.00804350e-01  8.00585047e+00  0.00000000e+00]
 [ 1.00000000e+00  9.58503130e+00 -4.64880345e+00  0.00000000e+00]
 [ 1.00000000e+00  5.08192003e+00  5.62075894e+00  0.00000000e+00]
 [ 1.00000000e+00 -9.90231281e+00  7.88408945e+00  1.00000000e+00]
 [ 1.00000000e+00 -7.70698766e+00  3.57405114e+00  1.00000000e+00]
 [ 1.00000000e+00 -9.50711766e+00 -6.15352874e+00  1.00000000e+00]
 [ 1.00000000e+00 -4.58865234e+00  5.69750205e+00  0.00000000e+00]
 [ 1.00000000e+00 -4.06042028e-01  5.04191313e+00  0.00000000e+00]
 [ 1.00000000e+00 -4.35426222e+00  3.81167846e+00  1.00000000e+00]
 [ 1.00000000e+00 -8.99860175e+00 -7.86951744e-01  1.00000000e+00]
 [ 1.00000000e+00 -6.37744788e+00  3.33680300e+00  1.00000000e+00]
 [ 1.00000000e+00  8.08567822e+00  3.02975784e+00  0.00000000e+00]
 [ 1.00000000e+00  9.17500319e+00  9.68421605e+00  0.00000000e+00]
 [ 1.00000000e+00 -9.72399534e+00 -6.09146095e+00  1.00000000e+00]
 [ 1.00000000e+00 -7.67443267e-01 -8.30285936e+00  1.00000000e+00]
 [ 1.00000000e+00  2.86126326e+00  1.94929685e+00  0.00000000e+00]
 [ 1.00000000e+00  2.43077942e+00 -9.30433647e+00  1.00000000e+00]
 [ 1.00000000e+00 -8.72793479e+00 -9.58840232e-02  1.00000000e+00]
 [ 1.00000000e+00  7.71040892e+00  1.16679988e+00  0.00000000e+00]
 [ 1.00000000e+00  1.56459328e+00 -4.18180324e-01  0.00000000e+00]
 [ 1.00000000e+00 -5.96846383e+00 -2.71580434e+00  1.00000000e+00]
 [ 1.00000000e+00  2.21043484e+00 -8.27489992e+00  1.00000000e+00]
 [ 1.00000000e+00  8.78635321e+00 -3.35366977e+00  0.00000000e+00]
 [ 1.00000000e+00  1.60078916e+00  3.83363812e-03  0.00000000e+00]
 [ 1.00000000e+00 -9.56961119e+00  4.46998716e-01  1.00000000e+00]
 [ 1.00000000e+00 -3.07855464e+00 -8.17930131e+00  1.00000000e+00]
 [ 1.00000000e+00 -8.46772604e+00  9.82240552e+00  1.00000000e+00]
 [ 1.00000000e+00  3.05046349e+00  7.46894210e+00  0.00000000e+00]
 [ 1.00000000e+00  8.11421651e+00 -7.84750872e+00  0.00000000e+00]
 [ 1.00000000e+00 -8.08916582e+00 -3.72646886e-01  1.00000000e+00]
 [ 1.00000000e+00  7.80197725e+00 -5.31659233e-01  0.00000000e+00]
 [ 1.00000000e+00 -5.60153685e+00  1.38847923e+00  1.00000000e+00]
 [ 1.00000000e+00  9.13423895e+00  5.86012053e+00  0.00000000e+00]
 [ 1.00000000e+00 -6.52591170e+00  5.60751172e+00  1.00000000e+00]
 [ 1.00000000e+00  7.58851688e+00 -6.71359609e+00  0.00000000e+00]
 [ 1.00000000e+00  8.25501176e+00  3.01241495e+00  0.00000000e+00]
 [ 1.00000000e+00  1.82273788e+00 -7.58374728e+00  1.00000000e+00]
 [ 1.00000000e+00 -7.39071067e+00 -9.82654119e+00  1.00000000e+00]
 [ 1.00000000e+00  4.10638753e+00 -5.79731071e+00  0.00000000e+00]]