100
1.000000 0.000000
1.090909 0.035634
1.181818 0.058621
1.272727 0.067700
1.363636 0.062429
1.454545 0.043167
1.545455 0.011027
1.636364 -0.032198
1.727273 -0.084132
1.818182 -0.141936
1.909091 -0.202439
2.000000 -0.262288
2.090909 -0.318096
2.181818 -0.366596
2.272727 -0.404784
2.363636 -0.430053
2.454545 -0.440313
2.545455 -0.434086
2.636364 -0.410578
2.727273 -0.369723
2.818182 -0.312202
2.909091 -0.239424
3.000000 -0.153485
3.090909 -0.057097
3.181818 0.046509
3.272727 0.153700
3.363636 0.260578
3.454545 0.363125
3.545455 0.457359
3.636364 0.539486
3.727273 0.606054
3.818182 0.654088
3.909091 0.681216
4.000000 0.685771
4.090909 0.666869
4.181818 0.624458
4.272727 0.559341
4.363636 0.473158
4.454545 0.368352
4.545455 0.248090
4.636364 0.116169
4.727273 -0.023116
4.818182 -0.165110
4.909091 -0.304960
5.000000 -0.437784
5.090909 -0.558847
5.181818 -0.663725
5.272727 -0.748475
5.363636 -0.809774
5.454545 -0.845055
5.545455 -0.852600
5.636364 -0.831624
5.727273 -0.782311
5.818182 -0.705825
5.909091 -0.604285
6.000000 -0.480705
6.090909 -0.338905
6.181818 -0.183389
6.272727 -0.019202
6.363636 0.148241
6.454545 0.313331
6.545455 0.470457
6.636364 0.614200
6.727273 0.739519
6.818182 0.841931
6.909091 0.917667
7.000000 0.963816
7.090909 0.978431
7.181818 0.960605
7.272727 0.910520
7.363636 0.829450
7.454545 0.719731
7.545455 0.584695
7.636364 0.428565
7.727273 0.256325
7.818182 0.073558
7.909091 -0.113736
8.000000 -0.299339
8.090909 -0.477023
8.181818 -0.640761
8.272727 -0.784931
8.363636 -0.904509
8.454545 -0.995249
8.545455 -1.053829
8.636364 -1.077971
8.727273 -1.066533
8.818182 -1.019553
8.909091 -0.938260
9.000000 -0.825044
9.090909 -0.683385
9.181818 -0.517746
9.272727 -0.333433
9.363636 -0.136423
9.454545 0.066833
9.545455 0.269619
9.636364 0.465177
9.727273 0.646938
9.818182 0.808737
9.909091 0.945026
10.000000 1.051067
