1000 2
682.2549011266876 783.3272246769989
783.6542060867986 179.16667805021365
692.208056131366 776.697018236305
794.7316691701704 456.2869077843717
748.7375195620097 396.81644077866974
839.9700839605746 134.75086450241704
652.2672772364764 749.6994784742164
802.5894550988579 118.64899273482453
812.7141156456753 133.2512697697224
809.4240988434913 499.79396581301387
717.373336203086 464.55268979984066
817.0362878573017 426.075405343714
664.8853306766534 744.5229267040726
881.0657837738048 148.98078524948838
777.4391777173599 134.5088563542793
764.896336987215 422.5762054348986
860.1789571509936 174.9960505012807
707.4237233710152 761.7402749483559
664.7642722123269 749.8902784764293
877.3120281503502 200.2777961443421
747.8350150330641 421.07356559711906
824.3079960258065 121.33490284622437
594.9433109006919 773.2754365542447
837.9748436049184 109.13946977083752
726.4172357041404 463.30944894813166
684.3833969559915 467.2834930408592
820.4314690771185 134.2314768660193
705.0955318810102 737.6409109357868
790.4469209272643 151.7808125919608
809.4182580905758 135.57143089651922
818.5846645269182 132.5287621093175
756.3176744806772 115.4140278445052
787.399599842468 458.1387197342191
630.6565878511562 769.3765128144829
756.4452928006053 428.6178353635924
731.0584036106918 154.0734091495739
771.4827545533085 90.82010394069223
761.3510033836952 521.907234896842
650.8215156505565 744.0976891649447
576.33819719966 761.2366504478282
793.7068585458388 450.4259758612181
696.511691760953 452.1408995643576
846.9772425273245 106.58293362875875
816.4647570660444 126.22595202446021
668.1240401330958 465.87329929791343
770.6771084177486 487.9879583725474
790.7646305710128 97.45646960841992
725.7245347909776 428.07868558440776
761.0612878596714 451.0812265396235
851.1164200908263 215.73808233098254
687.1590224339124 406.5495280085628
759.1683510554219 84.11895653446444
660.6693875404346 401.9772712199349
809.3224227718995 137.05208734419423
746.8518997028505 387.09390175739645
794.0872210825903 394.78063891988825
868.23749779068 136.3527291454472
801.6246293916436 148.97802931959524
739.9298253421446 82.85538217078134
638.2240656536763 729.987112493372
868.5714801240644 139.72024743186324
831.6609789076414 212.26500668176212
899.8132390499878 126.89641315612461
734.9519402069377 469.597534225781
744.1995474844047 402.65110651856617
658.4270691027476 742.1731107000148
825.9377326751779 129.09634772115427
798.6372346643777 151.08266744428573
757.1345194410728 424.66780865469536
661.8213986683768 392.58937140558646
711.9826444685917 426.8830127594402
816.9334345475551 200.5087759189994
713.6981990732374 745.1651898818989
654.3117195929343 775.9421052758998
774.4062716800937 475.9782584246453
758.2339216398136 431.33013018443415
789.818995801227 425.18911512466656
713.4155008607588 439.38240232229697
718.0217446481671 424.6195384936878
755.6236752336891 412.50621870196693
822.9417825320477 155.92103947141104
637.7096643591383 735.6795376817797
766.9932024782833 495.24631893083176
809.4906870186626 128.78757169440698
649.8926783587465 747.9978892858582
675.5857878076476 394.2750737633452
659.6236428644897 735.2197849742552
802.8878038557214 154.86707567598032
669.7772161319216 743.0051885331667
644.7822248206107 746.4965792636236
763.972652669933 147.92637793591655
690.8604928352605 719.7703633390665
801.661329329381 120.37042014495468
782.407981773456 378.67976298710755
636.6600540620516 821.1213488884376
760.3788346973598 129.192341985569
791.4619365664119 107.179251317738
703.3889437966315 763.7069732695641
598.922139824355 807.8707680860392
801.8889813493804 447.9923568254086
900.4521690937612 134.05048810624896
741.2322986788814 730.3254470018934
829.6423049592928 151.06869315521487
797.3395679209924 392.590350197124
766.3918518223583 445.3824519313523
747.5618218572673 481.6731113696053
743.2801256210906 210.44791298871039
796.1672717765673 54.01421442305818
744.3984536578552 787.1699560355191
783.9846768873292 482.47499153014775
733.3745280323151 430.5551218236473
743.1565792957153 433.00341062926384
623.7689588274253 662.6849186393171
609.1908094274252 719.252513588209
789.5940362171815 386.6103974746044
813.6243564581916 81.95678982290863
777.0037829002022 389.8854694186129
835.756559738244 371.74485160589575
768.6581525733369 385.79833220942317
675.6904052169012 821.4312344493761
755.4956358658657 399.04209635678757
798.3846937618644 128.49091545110258
771.1543634530076 78.57179376823986
644.5387613703934 781.3658645497004
744.8765439299395 397.3561035968781
758.8268964598377 464.1996746234346
689.8481191390428 733.5162886296541
752.5105817096857 786.5945766211414
728.0017591170139 445.0802673652279
802.2101299592116 112.64379518170304
670.1364387800007 672.3604217969396
834.4777017412318 150.55734718485346
781.7987151944097 376.83464625443185
767.3230174555741 68.86960217960593
643.3222297072084 725.9653562745293
664.475479774922 749.693167492836
812.4520932237282 137.60299684274725
783.9727354494688 131.03841246911614
754.3836829716379 425.91229152138163
746.8091162074912 113.134199729983
823.1854481930122 137.09256963557786
818.596003074411 377.4348871235352
794.0191773065666 141.6165824969707
754.4669362038367 437.10281166138725
614.3759232659479 832.4483935899996
819.4678250931403 133.6466551986339
743.0381219365386 126.93917532707927
729.8867830577556 169.351845791808
814.3278431587397 181.541818642459
785.9892481620644 172.4323638391879
747.942184076806 464.88974146749155
838.1348095692882 207.6939139023653
807.4493492162314 96.88676786209305
752.3955323871663 426.9429566166761
819.7456605746477 119.24883841393749
891.4431410307513 94.04127344904279
749.3203284609228 348.39307495985634
773.535707193918 195.97672938552185
812.5217936313268 149.23039368525204
661.7111176550324 750.1649879841066
847.7747901694534 409.5342688024972
806.6601571983588 173.89944799473466
767.6700192294473 76.29760342854001
720.9316520179144 360.6977764264327
753.7271841699157 766.1672708491712
594.7103947141379 775.7143171732918
771.9905402247293 105.60398369346964
679.9690012110685 660.7349959957439
892.25354046744 166.12983007002993
827.5465102199196 493.6685234270003
617.7239329213761 699.836870161915
824.2305492417718 103.52114179950516
653.9118878105182 743.0634813855532
762.9738952788808 447.3946684834649
641.128978442915 790.6131993997234
650.3968319836071 703.9105275046114
670.2449406556034 764.3696482947823
679.0781064900153 765.713693322518
701.2225171425897 774.920397035018
672.53831679657 829.7012160690412
794.3127703002679 374.50606620129395
817.6965940013421 46.92880071581524
724.6466715174868 354.90500497789213
774.38921050323 478.70963903105036
624.5050815965279 777.9252438416213
831.0614757258791 128.98217949393228
653.9168955398915 757.7473054207529
838.057788162479 120.44994763328305
808.4704025226307 131.4930009596045
643.6521260758958 842.3931370216017
812.0998319072745 217.24107105482568
751.1702832944925 458.2745775723126
752.2831478109133 405.9078076578101
833.0667095537515 129.69401031853883
889.3192753064734 185.05766805778643
776.1436924418182 354.5235401927968
713.0787244245586 435.8144334122639
753.1127311060643 426.3054537467749
817.0064338754333 194.50452604222602
810.5296712863016 139.24543162143817
790.3365050613963 140.89946375317598
850.9393481678045 131.07013916952562
832.5593123952394 407.4804923155367
835.0694870450404 69.63921074433625
784.3371658981449 94.13112634556586
763.0539658103405 463.867644702521
688.5049342678409 787.6089903348676
747.9310485031283 443.59523775802234
651.8112070460102 829.3371042443262
721.1087844826844 385.26720815475016
812.5597201189461 349.5096744921839
817.3389780197235 127.59979503067922
757.3241748693661 427.9572044401722
834.5545303196856 175.591202040609
673.0389180834801 750.5059270682184
795.0840880388046 378.89108822830406
846.2930689639228 203.32407229050483
735.2511047634183 423.8756506862294
824.7084516444914 136.90052089939684
659.3194618871504 692.2952733726347
721.4419417351337 446.58107090872505
727.4981343220202 770.4591239923523
701.9405161220095 458.9007641407067
846.3683352445084 446.46591984188353
788.5432694064752 135.47517083305868
831.4860379648946 42.00393019204735
719.7505112206654 109.04281907566684
674.2584796759264 755.4903975145766
672.628832062683 832.714946552484
715.86842787984 686.2034421392539
742.2288789326766 405.6662397351191
701.2139285088288 785.91125155325
741.757458710468 406.15365545125746
730.5244375820381 431.8697329458723
636.4295114040041 722.4571247765476
659.0183951528861 757.3583403150772
681.8374040931583 774.7473494045292
837.9753971883785 145.53083335333957
836.6613961978536 421.2231843718144
742.3342894135956 423.30820548396156
780.2039452532879 133.6192873447964
847.8551833166259 225.98649564189517
758.0022685914186 490.61764119680055
809.6985238999675 136.19361148892486
739.4937653250664 441.0502066007363
779.027808539306 474.47254633359336
630.2728975612213 768.206248540161
805.7876896724459 132.76025270605297
842.6749832754631 84.98558354238122
806.4666380671763 138.3124671321953
705.8302793443321 743.1129120732388
673.2583122120798 739.1913648566434
890.8773590755928 151.41586131127931
797.4178922313034 339.8392177987846
603.6150708512096 810.2417414056495
800.6473474625785 153.3445155606524
789.5247899665089 429.89455706021215
645.4836512766769 783.6379974526545
702.4602863998375 709.6201695571388
661.0171131717635 698.7443459958118
669.1711702117938 392.97932660972594
804.2655358969179 131.59104908501948
850.0618331780078 399.4141513138507
632.8224048155683 761.7858561462356
598.6435156149631 690.9005934605577
749.9332510646174 424.99213742342954
814.4530484190344 122.42218841442187
793.591523842908 411.3300545570642
677.6601669369552 826.0839646222527
777.6257459068931 164.5348915706376
750.6027497484002 424.00975700391945
672.9737154756491 748.7488350198328
806.8752402709968 130.82596507837428
662.199824679026 748.9497468357447
665.1454081017678 440.3273480000583
798.551449625932 140.8468219804415
669.3241569036903 756.9791862013127
809.3546460866859 452.4955296169162
816.1424248163128 123.28533856545761
808.3373733416573 37.918464468283375
763.0613302276602 330.1230557832831
722.0039151665504 694.1947726329583
720.4566508067422 447.7371658620137
830.4307051727844 433.5304526801871
857.2396583063154 182.28617206762524
700.9056698775303 502.93390685790143
736.2623786559733 432.3404591138993
774.1818118243696 116.57548820695408
742.157088799249 116.6482509602817
744.706973311559 785.5628464785622
703.3759019001443 665.0883934717056
716.8010172246161 741.3304025757051
636.7794475664616 797.8828560492913
611.7296692003949 793.8349604675425
813.580450766682 100.33034784191425
805.811575617111 73.73454238940815
661.2951271868808 654.4864422311703
830.1539490366291 117.66576868240807
792.8828133708969 380.83888739016066
613.4009249871735 688.076157909291
661.8765641465413 454.68926110071294
663.0809104127965 751.8350639591779
800.1016439730104 131.08311290014194
775.0925043749327 396.52602858386894
777.9656909541666 425.9822850060664
717.4416914571252 345.66366848514724
662.2387004982123 797.496158861716
664.4577583003985 735.8301493763678
664.0079771671941 725.8527755415871
742.2421041747814 407.24253691809673
751.3932601653522 185.10500523356245
743.5141685820147 474.24649090980614
706.90130954069 403.9603644586278
737.1499170408641 89.42564405841765
682.8864439589242 432.80248894274985
777.8500102075436 478.2130554296093
764.8603421539249 445.40824891658553
756.3902844627136 427.07377247772735
718.0707661123056 482.7849905102486
738.767294841556 461.8338326697281
755.8138131060788 424.943128219308
720.4455357069397 436.39232293417587
773.9917367217847 75.40743993414726
711.0195807050404 446.9369857160312
762.1320894749063 370.39342971695714
749.0180422508897 64.1253795323532
806.8663370567934 105.52608489904858
700.9487013957129 780.2797606483664
655.0321827881514 754.629138521425
647.3492276224412 757.8842947516597
864.3832177575998 201.50130269519303
802.1009747306666 138.08794386370081
719.3627506825513 341.54191351650206
867.6812614443126 201.7885641658438
751.576400879839 426.11590431634227
791.4275599894513 140.18986171796604
670.2944589384531 475.9391753965014
697.865789443342 751.5921658638322
661.7874293576 756.5548439455137
677.2708121668408 756.2443706699985
637.5074251060489 692.338221267369
785.5790969832675 199.3028577037246
825.9648612648573 160.05781432777658
835.2322094354803 199.5532860912984
818.1077224613234 42.58544864451957
867.2647050471279 57.065706269802405
759.6085619938217 427.8123185385854
841.6766287340239 462.0439431737161
817.9459788003726 143.86453715594575
677.4644747459969 815.8233455514863
805.6444284655595 164.72613684782496
793.6922274152421 46.94319230296253
832.17767575407 90.55824163661465
787.2829156300246 176.56003064623218
754.1853309785333 136.67083320134245
756.7961502722121 428.78957064187335
752.6945925474142 425.59766242640814
735.4220093127392 425.0279905661287
816.9475448444418 145.00795977611787
693.5098218431599 758.6095688816733
674.9978931151139 751.2447308197413
778.9912775577084 128.86833325234113
765.8334174486367 477.13405817210815
707.9669357124417 774.7099534318947
737.6946667916384 73.0036939604561
587.2281583666675 690.6615668500676
607.2987882355013 820.0600115141331
652.981737858088 768.5929985383259
775.4857736125423 97.89722538836483
741.873623935325 156.52871136905344
604.9694168487542 768.1570082263788
834.757638406903 170.08617112337038
802.6817431921932 443.09231921121926
815.7731387301931 419.30686749821035
621.5101754444555 773.5687937696192
756.2399996442489 766.7927795604389
700.5161591467794 662.3340296058675
824.6343310514976 136.7081806799042
769.6220979167663 139.71832113653323
737.3868663506096 184.39557143861364
651.2684032632183 723.5697621961257
782.4609306424528 449.37066582030525
790.6943709328291 44.53679980741552
708.8303988355584 815.568927709773
664.7108778286023 654.0651048146632
666.4073856340316 767.0746100465913
673.2058717076391 717.9377100141904
738.097421873377 426.72832157286194
703.3805385887346 818.9679349235553
661.1623407040144 751.0020485148927
781.5102075844488 97.27778933769972
699.164843232086 378.91798591282907
763.5759546261609 523.8035569044544
706.6264827682762 358.49202856039705
778.2746807012044 126.02839400696536
758.1428299548753 470.9719439835983
613.6752145743864 714.8429583267666
757.7182454972929 421.0666564432941
654.1248162910223 742.1107110788191
716.9454220856535 427.142944330853
756.2576670049905 440.0625260513819
885.7255404266364 115.19262712485074
720.6266646134707 93.89314557359401
822.5015900749873 152.70143705269393
678.2912154964076 780.2367050651495
698.6037370098419 777.5064811107567
868.2769010903872 61.73538285188299
821.6908413853392 101.52031704263871
783.5122549569182 463.1094378631675
839.2086616500343 107.29490342955441
846.1514820416753 127.6300623528033
757.096559841754 413.2101493930899
709.0711879348219 455.1788155367568
760.0257962350704 426.44772920066856
650.4592601023071 740.6704971236146
831.7271051576847 433.77927288573704
817.5345495189883 124.36869290902271
751.282262359112 444.31495134083417
679.1134984661189 481.3711257343682
712.000436556326 409.27305053905206
695.1493701631113 757.8615379007972
687.2389741960741 693.001973602299
796.5208443120208 345.46616488202903
601.6212625155972 773.1611777576728
607.5673366856336 756.6730960355068
809.7076132651578 140.3877995533687
838.3821751164886 109.7850646132232
656.318709237221 726.5987811121552
717.5149731543313 361.66669260884714
727.7218259915261 454.03817350865586
707.258543320887 748.8905094156789
722.3250213564515 506.1395474636996
682.6010830928302 668.103867949347
719.4083955870515 375.0086515052641
751.8801371858359 407.9706050519945
633.965504883524 792.5084356184109
783.015508615288 408.27565290051643
733.2286967697341 784.2549566253379
721.4062948639767 421.80383617909604
815.0978597336508 391.53769527092925
798.6505658181469 385.96588261813207
772.4787510452535 486.4551114008349
696.0541397420584 349.7873312072207
757.3985169949322 423.2829083689676
744.6359261281523 188.70374829747328
824.480531301732 415.7564672105285
638.6203179079037 692.6069325756342
638.8977101808047 672.7082095479409
831.6985677299022 162.76118595763575
641.49166302289 760.055665333986
775.4672965756458 130.9308588358144
814.1880591721045 138.80825572128444
809.3223305174913 138.66695502959865
789.917737574131 225.86807429879497
719.7186057259898 710.278837014415
771.0481532726672 189.02353108504053
605.2156977292667 736.5526004604172
742.2881170699596 86.7041468109301
710.5229392381913 823.9134680767534
765.8565882139292 156.17878930669846
792.4228544270793 202.90699054628334
701.0866772727209 736.9773124111925
686.8889700001539 713.1084707910634
754.0172773349442 86.56128916907382
787.4287693975423 165.67663776046072
815.1985025150464 139.05935834755724
841.0803154499542 145.38767189847752
789.992734628573 185.16970758617288
775.3048373852467 372.825292330913
855.2992894514235 150.12791183615423
829.996061625444 113.51753591857687
818.3684550118488 119.83425600023881
887.9555291801848 143.85616338326298
782.4172212052944 480.1526579248355
849.0962020797913 173.6045030328721
628.9982566247046 716.9573325666387
705.7973613857123 374.5349743462264
874.2672965393813 128.0668258703095
591.8872579401163 704.5057935400314
634.8004603886411 707.1216629828936
735.8355746947584 367.86470981043493
764.5929618927881 93.10517647994436
670.3367506955087 393.37363465088464
772.2514120599199 140.39045615603388
572.3256749756468 786.3337737096475
861.766031935588 80.76161864711466
805.2256761748205 129.0474441518876
666.4457659616403 664.2555368078969
725.0622750907023 770.9991624691253
733.8202914625166 355.4163464385836
801.1208849822227 389.3775211945957
820.2742753029383 489.040815307829
828.7954652294611 486.5153478607269
841.2749680502618 123.307982840589
705.4501147035683 673.3054300675225
897.1677088809632 168.32402251612464
726.3824253889397 732.9551529215915
706.9626645735149 442.3043390513577
754.1194053991275 436.6688318866167
750.1113824512702 481.3403245096574
866.9540704087658 128.7269238996919
712.1609605968558 815.4849929606095
699.5663287517526 467.95474080467886
739.103141669416 341.55374801937063
594.1877817364132 714.443837262721
776.9679219136862 400.3959533105391
667.6591378151568 407.64359186773794
869.7126647690706 124.62824313180153
720.0786547104201 427.6853183167259
698.0281141708019 772.0390883335008
679.5574644498789 401.4596790811146
803.0226301005018 166.3421486004948
774.8590215692611 470.75099123779177
819.9020362152359 133.82767760663174
762.961831591822 173.98685898053174
664.7464516640016 799.699667052213
799.3246033130665 177.24257914135904
743.4567525894662 419.46952856004975
810.7471629278231 92.25768778866478
602.8549321150276 820.2225607730905
842.7152501080626 65.94373925198693
818.0483547127762 361.9401399558796
665.8741570420266 733.468129312982
778.5360509011891 148.04402642429895
758.8901817910186 145.82007253599812
734.445397647476 329.7153098540199
812.5181683252824 134.3023726052001
816.1718047001139 82.42382759481207
697.1808916501049 439.743935444237
664.6245380540653 749.9055974423921
809.1334852658152 187.45635526890217
741.9945004032995 136.85057601034953
863.4763951702499 66.83487733370059
751.2337120729883 381.8670582863025
803.2944158953165 131.4360452037539
796.1142230276589 79.2932027240615
740.985235309138 449.1982408798451
819.9227042766339 174.12526349284352
805.4159716211195 430.2150064582032
650.1157384497736 807.4165352588118
583.8176613663599 746.160908826497
647.8283741010072 752.069688339643
708.3901214396225 416.8903614062556
701.155760224326 359.54956965656635
897.6028347867351 157.3704965253196
722.102318439118 171.98398587389732
713.9889143480353 693.4368350483087
800.58271194762 195.48902291382643
668.3877445525497 463.19515221388883
667.6855404032204 748.9711884166605
733.5457324259353 399.4004541319154
683.3861109022033 746.3631848738326
829.9816091029433 117.22305536565337
582.6773044244333 737.4446924767186
723.7131909325274 779.8668950196377
816.9233735771865 231.9949127118233
808.7169333218538 133.28569450813757
689.5866942745032 661.5577970544393
787.8991265740985 44.81431686189893
825.6907521570959 114.94111170489636
770.0190828987205 489.3311445442075
669.5117775626363 749.611538301715
820.6320216296127 454.96258195757787
834.6515268507906 444.43576385907045
792.0012918742665 409.9884811671301
740.5935406332131 349.48675866291717
658.5212683916455 763.0526868251168
683.4629188645536 784.1070571456823
754.5863310241053 421.52033125954614
827.7081991956893 152.29531179757433
805.6176940523623 470.68315262824643
689.8654252133143 471.5370291450551
750.9912356206344 191.85775291549618
742.7740960845304 119.00385538712271
903.810479618696 164.696440194087
804.7097480209582 147.31924113872594
745.7395046245268 455.37733796192487
664.8859461051371 749.4200887889897
688.6850448475636 829.5728043896164
656.949761474866 759.4267988933395
660.2516635194581 828.5415399697864
702.5227077129724 762.81196612037
665.0158514366376 768.4423944057696
850.4636047229963 169.6425597456098
734.7448489167906 443.24425156032726
769.9092348561422 441.54695275045225
761.6881653523201 73.83142389803481
881.2923170576681 166.14308483180974
786.300457017684 377.1481861921498
694.0423949685222 370.0401104321466
749.8605283466877 728.0961524615459
885.3706945526847 82.23679099049605
687.2819363122449 748.4802330338649
784.1526521311118 430.9985740866008
731.2562169614409 692.8713829971473
773.3056687800354 379.90378935923883
648.9829333304507 762.2683757148391
668.3299211474931 764.625672235934
864.8750349703856 78.29367410612481
834.3118035801411 156.13149785286416
754.6363490401168 426.0855503641957
726.2154879555278 495.61267376475143
692.576287654724 769.2254421758059
860.6913904185325 177.19007444578673
855.1334555851814 181.9459323420794
860.9060231764312 206.6087146661291
754.5863726375221 425.16670747163045
823.2880260030092 123.05601642870576
900.2814177725866 139.81436877109073
829.4251909011235 135.1281650750282
820.0809136860688 132.89500364558495
771.427618228105 421.1892789203984
763.7297386022302 429.5072397651772
662.2569077792996 670.9544422011761
707.3294942692912 449.17707441411335
657.6969494470226 771.256552772297
681.1568589462802 758.7460269880419
648.4102221798564 720.2136429630252
694.0067829998401 731.9921814591518
748.3818984272541 410.5186567982275
745.9982565151196 169.94920848484895
661.2518973817125 749.7736608829192
771.3720423618349 427.89356124965883
613.8378843282815 696.498775940639
632.7721291776835 709.3469931432718
706.5002049300713 457.57938495763676
702.1427112169908 835.2011584316997
812.1814817156552 156.59561070459955
775.2198885545426 192.28206995918515
717.40892626816 666.349785173096
701.3894311832129 785.6976934693829
815.4371133206384 152.99706610988065
814.5513920040529 89.35572864591465
830.008174311433 195.78879644451501
679.5932814571637 657.2964048743006
738.2715541368366 112.51732354305625
576.5955078143023 723.3397855997757
664.430862665595 749.0645506652731
826.8312829407867 414.9812568871277
788.8207209570628 118.42677225483055
588.207953309039 759.497396845269
659.2455768038513 738.7570710524136
734.4329153756491 438.820958764872
837.141991893539 51.869578829481256
604.4804754880287 695.5885730551587
596.8735150063228 727.9616876829722
671.7413000894333 744.1381612740065
808.128728870885 136.20645413342555
810.217011262565 136.3059691397027
745.252103906382 375.5349303652688
763.8711699305243 177.5728789036218
783.4385148042988 387.09112449024167
838.5889556779537 400.14389391421673
782.3033728413551 401.59296731899735
635.5007145588877 674.8713701451907
818.0989405233032 376.3383623730407
764.5668033545 159.31331568713145
646.8466002992294 798.5483420397547
731.5173375416813 737.4414475419788
638.9335747919666 699.8183750419919
792.3460097680161 144.7257070646065
800.167739148945 136.37166865631127
632.5694560942926 798.1963598339414
728.7071979876133 737.6085356920366
650.2240537583594 652.3159755895634
656.816929300275 666.3497646204534
655.9426200083765 798.4527551281468
624.660892950747 686.9710526821326
856.3167693111784 70.13891267912153
691.0552891298338 401.2416849704199
824.7502362012357 371.06823331975636
756.4950742870675 429.6625082455794
685.5667960866504 726.3001083784004
755.3298808773726 426.2319477218188
786.9307788025092 488.56397858614565
662.8693313646907 750.4411114130769
675.1213455088688 791.7836886539884
738.580619935249 147.50857767045994
755.8047405619848 461.47102787293693
698.2858993972444 690.6981418458403
797.7174075675241 452.5754640429945
595.8344952732614 716.8522868161392
817.3295300421914 150.54533604318917
753.3015810840475 493.45695708551705
701.7699671275361 817.5151417134838
721.1348620312705 131.23448330657695
822.2181030221237 118.7234552583258
743.1076492063786 417.8572893473653
703.4498528742155 679.3838069979113
708.5031122195571 747.7730159976626
801.5119619000509 113.84682905509099
695.0740251595219 354.9146089539011
859.7420337211711 196.34015862831055
766.4016716630832 423.4965533195768
802.1988146671232 137.00332876759506
700.4234018484054 703.2728451508302
726.7300482467112 495.9450515084505
705.1193944401057 346.703643340275
856.6821042558961 125.67933419297532
827.1006478311966 403.70473772150467
763.223271545852 139.0531701587674
599.6996742480159 757.2008100824634
661.8681246568615 429.3555075690154
804.1688381506739 377.72701826520364
690.2279134725025 756.5506336837798
800.3031914591929 502.08131724616976
634.1991795114868 715.4542529761233
733.4327445779057 161.646777768218
828.2809051305736 212.7699259055884
761.6508662088415 421.7066442600613
732.4550237441048 788.3764405654126
779.3572105175405 409.0545854136609
751.9250010976082 788.3049166167514
644.2115531563823 746.3283459843304
829.6444930697036 92.93014421273665
799.9019816212531 127.90802189180219
624.4318693401901 833.6236726081984
739.3108502914007 350.6396398035326
697.9737059297838 406.6275445354228
701.3459792387503 418.6194831244169
678.263232309523 426.4007519244291
824.4301346508142 135.1249828292074
689.1971201410499 659.9980822512227
691.3445400342773 733.3222685858793
867.0888100997664 86.9538713256052
774.7992937234335 419.8962916346024
812.0684124839438 178.92079168139753
714.8444306479704 469.3121831016366
894.6119003732281 125.67185356045925
767.6337786850999 417.93863219874027
671.6405486370251 768.8363575816692
746.6315660537197 782.4917485364857
835.1425682924025 76.02018753352272
863.0129567338508 174.6789942861098
624.0906162071988 719.2630329270336
803.6950126575584 139.72403238471875
676.5284736902346 816.4925102583611
858.1373927060793 122.47174505267212
591.6250192090893 740.4541390709405
749.2028522867613 123.75486822077923
733.2913602641427 129.19553252703807
815.1143907555162 125.76249328360441
623.4235894320052 682.2249734485112
750.0243209959534 462.33917624796163
810.6494466524977 184.7658425899497
721.5342683111712 714.491473147195
754.7461877500664 426.4668926818194
751.9642974779607 430.5601071030494
812.5209074492604 185.41465533563007
657.985856279699 754.3846236011441
641.4322632026601 714.4862349507646
756.9949712276004 732.1284787540224
681.626722210804 835.1762461783466
647.9515527579955 766.643524854866
879.7722959038339 96.85126782212514
707.8470138016304 689.3262589132837
753.3984666163234 416.48747742633225
681.5001414807552 780.5843651067637
751.781370810882 406.73578833716795
698.5954801921636 774.5474603005872
709.6427946323834 417.25872602776707
647.1006320343347 784.0795444313977
811.2386591300632 111.41717732574284
629.4654111009797 806.5506716906683
792.5983766746039 491.86694720859623
716.8530841340945 363.0881649658571
709.4839256478784 677.0215154155932
738.9093861496524 434.86739131525815
850.7177096011134 107.40883595456665
734.2693176725523 814.431477475944
574.4685990386427 753.5899579206997
826.0293398207376 179.75002854339007
764.1553147470823 445.3884527458527
645.702184373856 762.7933450494327
610.3635181248862 802.8976009583562
862.5455957643969 76.85808547299436
812.435784418028 200.1211143523512
753.3955123311758 415.7995938938587
645.9600588493164 752.3206285962002
759.5354029427511 420.2502466326261
773.0817729239569 195.40872016378435
744.1240674034343 141.23640164331476
702.7718763882295 724.7790303888415
775.5308613641986 400.70154199856717
834.150529939987 116.78495816981828
707.3206198185701 368.16070764326946
669.6474652780995 755.2043125886229
681.5085814013262 398.603583220692
767.0564229410553 466.9500088745034
590.1266580249419 758.3956494824926
845.3493835878184 124.71659667015734
671.6663178283413 736.2537252039374
745.6981178369128 486.9176877586913
818.6012527609071 141.65868442082012
645.5429895233622 742.3055680399148
755.9248427839724 430.2932778145337
797.528434850307 150.99902456500052
706.520724680629 339.3108183792348
656.1677581884567 749.492295741554
747.6576166955432 430.11206005670266
629.471910366913 699.0314498685684
759.0742311444582 421.7748074934847
688.9171955740426 832.0087682622021
794.0836427091257 127.88711546267531
741.3778198961103 432.35054116231333
723.0131407229883 354.7562235017866
677.3733954420478 770.9640474294132
598.5816657573666 787.9266934890844
717.5286595711005 130.77453197210383
670.8093914008348 409.93792749080325
654.826609892636 723.6275379893749
820.5479942986177 396.4091737885975
708.749676088054 440.6957582666575
728.5371809823621 763.9843051500777
658.6504133998503 442.30831167936935
670.5234256445665 750.5376160806601
849.4953129234062 82.82782912967986
845.9136812802252 135.75162906688257
664.2403059457049 727.1702152998002
746.1757867905019 785.906006186565
717.9517319188595 395.30642187325515
676.1672344806245 749.6470498160311
829.3001370267301 50.2457765987798
651.3872728083361 693.9333107393655
758.734062780384 416.9537233223162
615.1515027340417 784.7977712792551
758.1838285529004 474.84375606891126
863.9124112279287 149.85203385110933
738.5512788321564 445.32809998144984
750.7633354418331 424.1395280165996
809.9693871410772 126.05524601184702
723.1419136742279 820.8362933552457
676.1472595047596 720.6798344265236
798.09315988918 141.3887873207589
609.1797632219527 815.8716729713094
656.0577026044087 729.566664164435
834.3232082937319 181.52470700853289
651.111567387451 806.4462282308233
883.4162927860683 123.00031847933207
741.6289342460595 143.80885365366495
882.6126745639932 76.89987509878094
652.3372466555974 734.9096193978424
878.4210813042183 78.64349344956042
725.5986694081522 455.58691636683596
741.1663998979949 454.9640230163634
769.7833664846453 486.2990849671121
804.1703944364305 135.41979974009624
814.3417013739888 136.79213778992568
699.8220495622871 817.5909264978567
819.025705375536 391.39944024647133
796.2062904328761 413.6285267033838
823.3578970785729 120.45593707735102
739.1143069212699 178.81149034001245
704.5039569326332 372.5518670174704
595.2502789605694 761.9058329871691
814.8573526133072 111.57001099040718
763.6998365362549 433.1053331747077
618.4980950460676 815.0017006765604
835.5578990045723 172.0098375119664
744.5303497766186 395.34448994871707
621.5545645303611 696.4643401677124
645.4357119333123 791.4623626556562
703.1055898771065 720.2064701323985
803.253788890011 126.10290640170484
793.1411378411859 117.01733369612666
710.8073946980757 384.00467660598326
870.9350790302697 210.46985608961546
719.3813199033501 492.74058614621606
783.6218266134653 399.73661515280884
817.8876039138669 460.2085143675765
711.2552752107962 815.1607704781552
849.2577353910284 132.847334098743
751.121176861491 434.9398032892636
713.4537769831171 421.6085562812255
890.5775635685152 129.91358555922824
667.204169488975 753.3014292894449
755.2153733554047 424.97947576359974
718.6792240457605 462.18608171877
764.2614886739798 137.18455372703212
807.5056610105495 361.09535826884496
646.3489264603467 846.3160689951977
693.1398873902589 471.03850760431715
707.4199093094546 771.9898920783762
813.4880151815835 124.74489923397358
675.904134848033 697.4954180976971
718.4960504718555 719.365301423357
679.7277771887354 678.733997011816
800.8202834851538 103.92480033705576
609.7628983353256 770.7570917519574
825.5641938194536 206.4267485712855
717.4672168228742 767.5135702590127
751.0482455973784 435.69478353542803
665.6789523209483 747.1766113652344
783.9386778546436 97.94200537254972
719.1640641939339 807.158199387892
664.4886437391621 390.10169435405993
754.3589457687644 427.35564933237566
625.9074421953319 772.8136965658549
657.1212831279199 828.8290024387564
695.3181905849066 736.7957707927555
753.8724248124457 433.5547301154566
651.9448748159506 810.0328204058839
762.6117144869207 440.4870077813031
832.3435350466395 429.67830250211233
816.4928424659972 180.11278511651352
625.4856603105756 680.9373348628691
672.3302626852653 746.7150827187648
675.7517013597135 820.3383341330477
757.8701750892028 440.38894031763317
772.2026949333681 52.99568295856804
781.2204951018107 521.5051755551626
739.8126029720597 346.1950298119965
669.8065803501496 701.4746717602424
769.8492351096197 100.91644805483642
629.8641001827002 762.1353749658364
729.3367171165906 440.13211734432315
795.9738788305376 425.9924917067221
660.5359731809282 738.6684694598263
624.6451676579325 823.8865790012231
773.8031947862378 424.2614537036934
697.8690606624901 790.8679875257685
820.5928763118499 165.07691203921684
752.8638503752167 439.29099510621444
885.0818330565972 189.94823584431987
821.1097959829754 387.48887811543375
791.9724689768195 124.75021679391432
846.8452075258723 131.70760619967845
854.4702015869352 184.90909215041003
765.8337353261819 495.38022197823244
901.2728313159967 106.27395364992228
605.2609493675111 732.6688032071058
780.4618870573457 509.0742186042177
805.691301036771 472.0435810966432
782.5536808940956 83.49443202083012
617.9962502914252 772.0947318553139
821.1937892393818 83.58877886964726
628.4111582924677 801.6197126133876
746.0593804334977 773.3449578320195
706.0216437120497 753.6429534312632
867.8078546105301 204.68532919039018
752.3397133189105 379.96591932485705
783.0957906076842 408.1311508022243
908.132611135843 128.07156278648344
789.4218792939521 187.9397165542905
753.5672410943607 726.1580713891526
644.3159236578978 803.4372268039397
755.4021593381123 443.4734149543744
688.4524716515592 434.9354667613886
757.5974831085223 103.2921420398785
834.584651317981 198.01449043521478
861.5817398419134 191.4691973132689
800.386688662291 361.67205388166184
791.9112906824897 172.4417055539508
807.6694681565812 395.46492874649397
658.9323989397463 751.3907406733547
835.1985703768519 114.40489348472917
659.3645275910409 448.28702516803696
650.1510931044805 778.48781805113
787.3603672202901 421.24554268377824
678.1960452935401 760.5867330274639
802.2526685042166 155.9818636481205
579.7729573420786 696.78202414311
837.2112623621579 73.11895342025471
683.5675478985244 435.9911830693814
804.9966243214938 135.9519821247092
747.2672107053712 95.7080900722452
592.0352216563218 761.265304176734
754.9860322709717 415.4611107760734
698.5417943571908 426.6759317885723
758.285843699261 377.124344553841
698.991478499771 356.5313861926405
697.6642750223803 826.6313825106638
745.1260783008552 445.6579078332929
831.3159658297385 139.63587271778098
699.3005267118731 708.7202108604033
755.7001691054144 427.71905654060896
787.4208761311604 104.10527533207625
723.6202219183272 108.54171723901571
645.7200907364853 729.0931719593073
902.3836700630054 150.92548258826923
757.1530812321918 444.35237485773985
676.9508149660583 434.9359708410177
795.206796271814 468.1423833015987
763.8330893554237 396.5572319744835
660.2798115455264 743.0130013225859
820.7152040477848 234.40351507051702
690.6618156885842 410.66103287725775
837.2855232439524 454.53549273040016
748.3288156766428 781.2150460411963
796.3329744738389 135.09262003853905
657.0995775924245 788.8190475451594
825.1733740795619 151.9472499159388
807.4217407798158 477.97686964016737
747.5772934603369 435.41146641230466
814.2919493281413 136.66280333754628
837.1180398758042 178.77175147322322
657.2694460499663 750.2127335993135
650.9470644900802 723.330947333527
676.3499096632403 777.3505200251841
803.5156165843791 449.8037636392809
