1000 1
2.472721632729713 -1.47812719641728
-1.0170793175863868 -1.217460546431193
2.3318904815275774 -1.467607976289777
-4.103051816555827 -0.9869573960487348
3.717778988333073 -1.5711253170969903
4.951368080941986 -1.663266829122373
1.3573088428006317 -1.3948127267836716
-2.457985500735451 -1.1098337238550557
2.135277271303261 -1.4529221797123129
-2.7791593012223115 -1.0858440179010165
-0.7588468103045765 -1.2367489252095185
-0.2002553135505769 -1.2784722716818697
2.20761761110586 -1.4583255578142904
4.310564482885027 -1.6154027447282733
2.64800038456709 -1.491219440274642
2.0603136904222152 -1.4473228616487845
-1.1657276558450858 -1.2063574305482128
3.998462631145115 -1.5920906575044653
-0.41578923000429135 -1.2623732148129438
2.132299938480391 -1.452699791277018
0.42349201320357377 -1.325062357597244
4.721985289605701 -1.646133346544614
-3.839442762463924 -1.0066473697791603
3.8148100280845316 -1.57837293850485
-3.1365714533786404 -1.05914753013759
-1.1119959750881914 -1.2103708563625857
-2.8552936485968603 -1.08015725078692
-1.173376511828664 -1.2057861080877486
0.6728960776879669 -1.3436913060409001
0.6980924490245757 -1.3455733198868545
-2.8303318469241368 -1.082021743722844
0.10956134386744232 -1.3016136689560402
-1.6993467603872192 -1.1664993680598712
4.205193443713771 -1.6075321766995048
2.268377256183001 -1.4628639293036922
-4.612971483765159 -0.9488695356504397
-3.0807044584288024 -1.0633204507785352
-2.2148280653577403 -1.127996087554732
3.9905636606249004 -1.5915006530276607
2.098464448617378 -1.4501724884540788
-4.525924401627488 -0.9553714168794638
4.690494166126118 -1.6437811534600837
-3.08407938388759 -1.0630683646206656
-2.415691307548906 -1.112992839749847
-3.5231933308556815 -1.0302692556892599
-3.4893036951340517 -1.0328006028745502
0.3951093638900174 -1.3229423483991192
-1.112847074296217 -1.2103072844905733
-3.620777715882687 -1.02298030279536
4.925352889964698 -1.6613236544893946
4.9276082837461175 -1.661492118522092
4.307509607505599 -1.6151745643413065
0.6047118443391328 -1.3385983635086618
-2.0285100622742283 -1.141912895529547
0.12535938322196927 -1.3027936852531072
-2.1848872234703745 -1.1302324841468745
-0.9065613010734843 -1.2257155619858526
4.565727313991834 -1.634461837591307
-1.6146594817639426 -1.1728249864918245
1.6596509485927644 -1.4173958210599902
3.6295968233631566 -1.564538652167248
-2.25940383089962 -1.1246665522489103
2.2754514384000215 -1.4633923271711222
-4.392958593861065 -0.9653031442663876
-0.6528799549717483 -1.24466399703809
3.8245247680549745 -1.5790985697828606
0.5688659139699688 -1.3359208931549105
-1.7386070971917036 -1.163566862562323
-2.9690442109625783 -1.0716607839545582
-0.354973785672855 -1.2669157541631766
-4.9337593129725335 -0.9249086593751836
-2.3414298530650113 -1.1185397132933532
-0.7327939464321958 -1.2386949137758698
-0.9713385742496872 -1.2208770984074226
0.9866102196991751 -1.3671238214237371
-4.210721135700726 -0.9789151606526898
-0.4272922841756275 -1.261514007471855
-4.38163277229234 -0.9661491134229931
3.9273510809714676 -1.5867790624241203
1.7373696561489096 -1.423200930127335
-4.286852391087974 -0.9732286244910122
-4.66895759857275 -0.9446877174893468
1.3471415144536856 -1.394053289939783
-0.61210973564115 -1.247709281466459
2.284693594301766 -1.4640826593281293
1.3314099058727713 -1.3928782356125993
-3.703968371543225 -1.0167664728864607
1.8399538618723268 -1.4308633388515302
-2.7976180725096436 -1.0844652613063483
4.479200012351006 -1.6279987807659577
0.9348338083083032 -1.3632564421956073
-0.9458000075786508 -1.2227846721385212
4.734339567181561 -1.647056135034429
-3.7171543371277815 -1.0157815624217401
2.8912791619578426 -1.5093908674757879
-3.196558790846246 -1.0546668452727845
-2.5522481313433265 -1.10279288556965
-4.847846931497372 -0.9313257854492162
2.3795296084677764 -1.471166325835942
4.492010631889761 -1.6289556551914492
3.6038938677973373 -1.562618799597583
2.1067470819429044 -1.450791150180855
-2.3540554537804437 -1.1175966586351054
3.5582723357290575 -1.5592111519693153
-4.749753461443364 -0.9386527638610287
0.8832193846526479 -1.3594011624542044
-0.5618796214094388 -1.2514611618148246
-3.3379198064908353 -1.0441080475329396
3.464894636435348 -1.5522364126060015
3.9389469664024492 -1.5876452036888944
-1.7453926783080096 -1.1630600214206712
-2.0616287139514244 -1.139439136106687
-1.8846476667570187 -1.1526585309489676
0.06398689584463924 -1.29820953821615
-3.350050446993036 -1.0432019633559588
0.6865125817315008 -1.3447083750783844
-2.165701294192318 -1.1316655549675263
2.040285356976127 -1.4458268684220867
-3.162461234291051 -1.0572137228645133
-1.0436422893891741 -1.2154764559423414
-3.6718649418544347 -1.01916440147585
2.733753169157299 -1.4976246454437458
-1.6693564695140273 -1.1687394581868782
-3.2933513226804667 -1.047437038938239
-1.214785648316493 -1.2026931004805035
-3.085575059692226 -1.0629566468444915
4.295717857935831 -1.6142937932309804
4.190750554149826 -1.606453381750351
-1.9490003823611435 -1.1478517792078646
0.0883294987265435 -1.3000277808137952
4.896991786816669 -1.65920525465721
-3.2621436816336313 -1.0497680576299813
-0.004059946450714058 -1.2931268579499144
2.176932706955249 -1.4560335843510592
-3.9954803866078725 -0.9949923197243119
-4.287324438663268 -0.9731933654427634
2.7157786703237647 -1.4962820610205019
-2.3911985192506946 -1.1148223002736442
-2.486048186439275 -1.1077376139690849
3.1161061596503394 -1.5261840603109333
0.10928610884995837 -1.3015931105944065
2.688905021563767 -1.4942747648752772
1.9729387654029287 -1.4407964925744967
-4.2423418907729635 -0.976553284886118
-4.089780827899946 -0.9879486572135352
-0.8098206725811039 -1.2329414914602466
1.854969634742151 -1.4319849246573264
0.3980631395671974 -1.323162977260634
4.005588275914727 -1.5926228993078029
3.938527660677881 -1.5876138841322494
3.950639264171933 -1.5885185463619012
-3.619324586985689 -1.0230888425794251
-2.012198728807965 -1.1431312517372476
-2.668650804709034 -1.0940983223703034
4.388676788559014 -1.6212372531522805
-3.2123330983303875 -1.0534886016003568
1.840349423649271 -1.4308928848814404
-2.0417684197449883 -1.1409225778365255
-1.4932857251165133 -1.1818908590134782
-4.928459338436468 -0.925304534849744
0.9756754081030392 -1.3663070583052745
-4.900543235991641 -0.9273896958685415
2.069413733428104 -1.4480025788472282
-2.905935355118493 -1.0763746270279984
-2.0730003368372207 -1.13858974587362
1.9205495569948772 -1.4368833411811737
-3.4970479100909415 -1.0322221576857489
4.939006600242591 -1.6623435026035676
-0.9187693222219098 -1.224803697950905
1.644296471392865 -1.4162489361255863
-1.2429298378286822 -1.2005909027617334
0.069159675372096 -1.2985959130064992
-4.707395254239147 -0.9418166612089103
-3.2993753186798322 -1.0469870835169872
-3.704148281037727 -1.0167530347546303
-0.6210089344888932 -1.2470445660903595
-4.102127579501759 -0.9870264308676562
1.0964520784438125 -1.375328332155106
0.9881533781636129 -1.3672390858623253
4.894570316957953 -1.6590243857637974
-4.10439855286106 -0.9868568031363889
-0.18323949864712574 -1.2797432483165871
-4.481871053312583 -0.9586619308340996
3.998088650928185 -1.5920627234842457
3.7015578190526295 -1.569913695598977
-1.403085184043725 -1.1886282842142613
4.355340112532257 -1.6187472086525279
2.6354136587161925 -1.4902792893294858
4.564553084852527 -1.6343741299024108
3.2252459745626822 -1.5343361326893667
-0.4359701124285795 -1.2608658271165694
0.37737517983504976 -1.3216177140106087
4.487823515399651 -1.628642903362873
-0.26046565722506543 -1.273974929626095
-2.828947871540537 -1.082125118165124
3.665035694610415 -1.5671857177101909
-4.639541329135863 -0.9468849317483741
4.005243695894633 -1.5925971613013181
2.467827634080832 -1.4777616448425621
-2.2631295662476134 -1.1243882627516804
3.1910355638574934 -1.531780825587292
2.5820810882593017 -1.4862956745978533
-4.838135409488444 -0.9320511763653095
1.731373988405145 -1.4227530906524057
2.2464198947828686 -1.4612238495627008
3.807971502308657 -1.577862142723022
0.24666296152209277 -1.3118543158841907
-0.36712583924046704 -1.2660080705620147
1.091668190220175 -1.3749710051513837
-0.6125871273389976 -1.2476736232451504
1.6139315074703067 -1.4139808602280413
-3.215732465490586 -1.0532346897978395
-4.942480085786222 -0.9242572713255506
-2.8919758861454046 -1.0774173134346459
4.178142207491746 -1.6055116158639824
-1.9656238107005484 -1.1466101114341987
-3.2960337659826546 -1.0472366769349861
-2.4586479764306035 -1.1097842409984084
2.2623459875246574 -1.4624134306595808
1.796023962175708 -1.4275820457488089
3.071662555141094 -1.5228643966207502
-0.6690934030398212 -1.2434529522671138
-1.7858907310961047 -1.1600350661577423
-3.7675339434545743 -1.0120185159340505
-0.3893949341910954 -1.2643447062436353
3.2723867870484487 -1.5378572612130936
-3.0631616151726893 -1.064630793187144
-2.5666839410410125 -1.1017146194429268
3.3738014557692164 -1.5454323127221192
2.536372064162224 -1.4828814918535795
-1.113092958916797 -1.210288918422926
-0.8406016644001637 -1.230642340839637
2.9465069939224424 -1.5135160465760178
0.9640477309423678 -1.3654385423939823
1.2221676183748675 -1.384718509162781
-4.049693343083273 -0.9909429455761949
4.738823374597601 -1.647391047848931
-4.574673420560854 -0.9517301652332006
1.4178250033065627 -1.3993329114743407
3.6917476120991637 -1.5691809335249687
-1.4526407705120281 -1.1849267869378568
-1.6265264408197089 -1.1719385976958365
1.4082442388066028 -1.3986172873393068
0.17268380095559 -1.3063285279586911
-2.585836282777778 -1.1002840574048658
1.6441663282305816 -1.4162392152324426
4.373311378928269 -1.6200895516325857
-2.1143663295180626 -1.135499960843191
3.004681346778046 -1.517861312649891
-2.9277683855974534 -1.074743834041516
-0.7401627780204114 -1.2381445074140864
1.0915854211038933 -1.3749648228078717
4.508593945535548 -1.6301943266444225
2.4843537657408357 -1.4789960451531736
0.6298250096233051 -1.340474162374663
3.0403931546882585 -1.5205287648815313
3.8348357856700215 -1.5798687393306161
-3.4223044063140593 -1.0378050373442513
-2.743140526502199 -1.0885343986638634
-1.5948327874320691 -1.1743059185178528
1.7394659062096718 -1.4233575071036872
1.278158201049564 -1.3889006610460453
-1.5129067227209472 -1.180425291266851
0.3276997712139611 -1.3179072667569405
-2.0947825431516263 -1.1369627491393888
-0.7275758182304468 -1.239084675833051
-3.3742479013000084 -1.0413945624634184
-0.08535411712067198 -1.2870546837962524
-0.4890269612400253 -1.2569028070946837
0.43596823217296254 -1.3259942543585619
-0.7337825331409 -1.2386210724338427
1.2992723788435203 -1.390477760161759
0.9899225085995411 -1.3673712290162436
2.907701031678462 -1.5106174800612977
4.89437106319423 -1.6590095027341274
3.8801202166652615 -1.5832512075837084
-4.428356145461532 -0.9626591650467226
1.3839004218969446 -1.396798954061261
4.695185040086356 -1.6441315328708668
4.890864535795689 -1.6587475867214163
4.005623813819858 -1.5926255537705674
4.011053111024635 -1.5930310888524521
-1.1899339767497317 -1.2045493673754033
-2.4085497591257066 -1.1135262694582149
0.7872712749789299 -1.352234429257321
-4.512880341207646 -0.9563457279018583
0.7391996718190228 -1.3486437763995933
-4.777237559161639 -0.9365998709361574
-3.101341266187201 -1.06177900826609
-3.2768430428691953 -1.048670105825635
-1.3074922862602003 -1.1957684852694066
0.7712474244265266 -1.3510375462537232
1.6936983600923448 -1.4199389531247255
4.292407002040168 -1.6140464926751048
0.44248460116987864 -1.3264809870119945
-3.4962251765850203 -1.0322836108144153
3.104944201250463 -1.5253503307244032
2.9054709888736703 -1.5104509095905096
0.15961089961252029 -1.3053520626968578
-1.8167731327134762 -1.1577283408494132
1.2623064315258308 -1.3877166314360674
-0.4555138281508082 -1.2594060318508444
0.9897964119952505 -1.3673618103760738
4.8268875876695 -1.6539689024979287
2.5396136697256475 -1.4831236198358984
-4.405533825678981 -0.9643638518547452
-1.2708766195663204 -1.1985034501886052
2.8198482801564593 -1.504055420288454
2.7415916962609703 -1.498210135169386
-4.565187940273376 -0.9524386722240713
4.638987770408335 -1.6399339427406883
2.683467751912784 -1.4938686343007341
-1.7882164431273697 -1.159861349784616
3.5590341557070495 -1.5592680552323903
1.3082615999906935 -1.3911491996495058
3.084099502201372 -1.5237933600121905
-2.563189960022986 -1.101975598318241
-2.0496730451299716 -1.1403321509761306
-0.6164841874620217 -1.2473825368417923
0.5067937139913967 -1.3312844818936278
2.7441111790887263 -1.4983983250282802
-1.7221846756407864 -1.1647935163661594
-3.2252680239104157 -1.0525224422787314
4.334253867661451 -1.6171721959542358
-0.35714301215138544 -1.2667537262976136
-1.4191652960932655 -1.1874271988231375
4.002273380856826 -1.5923752970513703
-3.161880732885124 -1.0572570827463372
-0.5331136960810712 -1.2536097993720514
-2.0107411032305844 -1.1432401273956587
-1.467753341113529 -1.1837979709373299
-3.627604366402566 -1.022470394022058
4.312952768417093 -1.6155811349567468
-2.9647027702101294 -1.071985062855609
-4.374148961685393 -0.9667081080097378
2.852673793521924 -1.5065072840838014
-4.244228721521211 -0.9764123502433579
2.3888729850675325 -1.47186421855604
2.8500321010551506 -1.5063099659171177
-0.12284361481242456 -1.2842544490802623
4.352183286267355 -1.618511413161961
-1.3188882089467544 -1.1949172799907972
1.4854002822494063 -1.4043803688607888
-2.310471149991945 -1.1208521378507594
1.9221496574650834 -1.437002858837094
0.22121205923940312 -1.3099532901432953
2.7447351514306675 -1.498444931921445
3.3902557506028597 -1.5466613472639836
3.3188297274164693 -1.541326262985283
-4.484953663440686 -0.9584316788321242
-0.15994043580303519 -1.2814835448967785
-1.7221498665425363 -1.164796116391536
1.186724415644461 -1.3820711200847087
-2.602596550048386 -1.0990321686053326
0.23558482190880436 -1.3110268470450832
1.1439048761501 -1.3788727640544225
-2.1100146313611923 -1.1358250059092139
-0.036365554961222735 -1.2907138278470276
4.87511080523103 -1.6575708800182154
-4.775362608829926 -0.9367399181849305
-3.7047529418775236 -1.0167078703118064
-3.223268067878288 -1.0526718266838697
4.759193332657079 -1.6489125583314244
1.7355103202412483 -1.423062049179926
4.834496985544856 -1.654537277680588
1.6905365035581434 -1.4197027819040053
-2.7877978176851412 -1.0851987738944748
2.7990354751509994 -1.5025008318649808
-2.0993641754901757 -1.1366205294053235
1.1941539749776666 -1.3826260624352413
-2.0059721713639145 -1.1435963372515774
-1.7782705965120202 -1.1606042433064552
-2.50802792589805 -1.106095862724858
-4.001168396391627 -0.9945674604052481
-2.492574341866831 -1.1072501503295225
-0.3988995742664416 -1.2636347681345466
-1.8251546698888674 -1.1571022916138414
2.7501922953635605 -1.4988525469825131
-2.8210918566804324 -1.082711914118526
-3.9631894272272996 -0.9974042556273635
-4.095950886534436 -0.9874877918125087
0.7133766769262646 -1.346714957631092
-1.3512755236978702 -1.1924981469346687
0.3563967874460028 -1.3200507572288327
2.0290822853616506 -1.4449900679314929
-4.823242483979455 -0.933163586229422
4.734872325940568 -1.6470959288344018
3.713330630450475 -1.5707930521444315
0.5235707900125242 -1.3325376262033608
4.92388438152652 -1.6612139659482696
-3.713819671191907 -1.0160306414410603
4.03428577843216 -1.5947664261022205
-4.593110509209868 -0.95035302819815
0.497771350767521 -1.3306105668967532
-3.6923816314001625 -1.0176319310545199
0.7721632965019456 -1.351105956260229
-3.6790061808838437 -1.0186309948772938
-0.7615287754553055 -1.2365485989212364
-4.855169129566788 -0.9307788623242408
4.142633204427181 -1.6028593119059735
-1.4677694683535405 -1.1837967663317701
3.7685067931533336 -1.5749143718688527
4.608673981060459 -1.6376696892688738
-0.4227347302005571 -1.2618544287003792
3.6843568628393655 -1.5686288900480292
-4.624389394498785 -0.9480166880000588
-0.7033166676857121 -1.2408966850547893
-0.6039094458214125 -1.2483217926402073
3.0057352287980006 -1.517940031149752
-4.456756502247328 -0.9605378332094174
-3.73646233404573 -1.0143393738997595
1.5525134352371754 -1.4093933082829473
-3.1909060687823567 -1.0550890688163832
1.4043119318244077 -1.3983235682125261
-3.983824413087312 -0.9958629491995132
0.046760457730599114 -1.2969228293240647
1.8579500283224082 -1.432207541712358
0.4788886980981939 -1.329200148971995
-2.4638317305402047 -1.1093970464743255
-1.0856404108355457 -1.212339454784111
-2.6079007145388946 -1.098635980166966
1.244387283556259 -1.3863781813816567
1.7451493285182291 -1.4237820237665915
4.19455236326751 -1.606737353489915
-0.5500914095524774 -1.2523416686797797
3.6540946681007043 -1.5663684903759394
2.8756549765138173 -1.5082238369957008
-2.9936206288883396 -1.069825076812354
-0.953107854187464 -1.2222388209793142
-3.4619799818490407 -1.0348415160694815
2.4262759462999988 -1.4746579895311849
-4.9376371571613396 -0.9246190082838306
-4.962818077588204 -0.9227381485257282
2.8361101970966995 -1.5052700853858374
0.18155304938047045 -1.3069910062225585
-2.183968044322311 -1.1303011411713506
3.5706443613755408 -1.5601352661307601
3.11442779516004 -1.526058696814456
1.3116079366240383 -1.3913991503980894
-2.920476474117822 -1.0752884949446597
4.4735027513169765 -1.627573230435443
2.327855882817813 -1.4673066166005897
-2.199760471857836 -1.1291215440426203
1.3609811660749491 -1.3950870267277689
3.857124772895993 -1.5815335894795195
-1.0009020062204987 -1.2186688920129505
-1.6839266046573096 -1.1676511587761913
3.4523763465768535 -1.5513013734082293
0.9580916708828386 -1.364993661369266
-4.818182842386927 -0.9335415103124374
-3.3870065865689702 -1.040441567208206
-1.0376011406257621 -1.2159276925694857
-4.83184610401554 -0.9325209487711577
-0.12518413464003686 -1.284079626655896
0.9516638271855058 -1.3645135410108065
1.136658413851861 -1.3783314979253725
-3.5445936499519037 -1.0286707835795712
-0.5387455873323121 -1.2531891317619364
1.819692425242863 -1.4293499342518696
-4.603508447149038 -0.949576366237209
3.2108449398901104 -1.5332604640429666
1.072198934409406 -1.3735167715827168
-2.167849349324981 -1.131505108471182
1.373676868174857 -1.3960353175279374
1.9703032799045577 -1.4405996380301467
-0.5677114453963643 -1.251025560460013
4.355674483770898 -1.6187721841258769
1.9980216031963751 -1.4426700261636174
-1.6699459421312133 -1.1686954282107942
0.28946973636822904 -1.3150517184738255
3.974498446640853 -1.5903006804303261
3.00501773659893 -1.5178864388989084
-3.7991211105874747 -1.0096591489798012
2.129946426649642 -1.452523998429988
3.1117126740922902 -1.5258558939832594
-2.9515433373669095 -1.0729679914878703
4.280230542443562 -1.613136986093805
-4.892419342669888 -0.9279965006941386
-0.029301432502325753 -1.2912414743124472
-3.6264573288505164 -1.0225560706667602
2.199343683003729 -1.457707546314118
-0.07150864710396476 -1.2880888551825633
4.119764368322942 -1.601151150615046
-4.011233210372288 -0.9938156807535077
3.932589865631339 -1.5871703673915751
0.23881686393616697 -1.3112682606901251
-4.5227346439316705 -0.955609672145215
4.448465480708437 -1.6257031004345526
-4.3958679258854385 -0.9650858350721707
-0.5597749630377624 -1.2516183668402459
3.824836742670996 -1.5791218723663596
1.903283501130991 -1.4355936730870367
-0.1870610725471593 -1.279457800269441
-0.6251783992360007 -1.2467331327383326
1.5120169015428857 -1.406368466486975
4.626596874509042 -1.6390084190875118
-0.05753006741868827 -1.2891329690417777
3.9196183279207375 -1.5862014733691567
-3.6195989908938433 -1.0230683462965426
-3.505364098515984 -1.0316009895995828
-1.6393121466728546 -1.170983584169307
-2.007227790929693 -1.1435025501988119
1.744151563916887 -1.4237074968924777
-3.29617274912978 -1.047226295749388
-1.6113765992032123 -1.173070197611767
-1.5109779110633745 -1.1805693616251296
2.968008623276546 -1.5151220859383685
3.7947932583996593 -1.5768778090199358
-4.365451692162737 -0.9673577405082021
1.7659290292396959 -1.4253341395038193
-0.34827288398622347 -1.2674162702726648
-1.2657180549784064 -1.1988887632104688
1.5358562704382948 -1.4081491206034187
-4.9228448505900175 -0.9257239025326456
-3.694709394315935 -1.0174580614929445
-0.763231181722678 -1.2364214396519977
-1.2743362636062026 -1.1982450360742016
-2.6503680427998044 -1.0954639321478297
-0.8115374224493221 -1.2328132608123148
-2.7068587498230503 -1.091244424054177
-3.259923168326635 -1.0499339163059416
-0.32863281378886633 -1.2688832626245847
-1.4979139959201868 -1.181545155673145
-3.461812802994385 -1.0348540033008773
4.057252241524235 -1.5964818795282096
4.677922247398431 -1.642842108515888
-0.05373473412994567 -1.2894164570767808
1.0813845480229167 -1.3742028803788313
-1.490181500631218 -1.1821227254748916
-1.4139803844159484 -1.1878144798104033
0.5199464252538775 -1.332266908465182
-1.7063548098865269 -1.1659759098993834
1.8127519815098667 -1.4288315258259872
-2.4237510090063354 -1.1123908296613902
2.8782399417401114 -1.5084169179866975
-4.9098751264181875 -0.9266926610948806
2.9500470793503126 -1.5137804691669579
2.356151883226657 -1.4694201536588882
-4.769361345007159 -0.9371881756525153
2.141632846347159 -1.4533969020472008
-3.347635615882397 -1.043382336375754
-4.5107711112163384 -0.9565032743991262
-0.5826363258904177 -1.249910763755211
2.3532294390488673 -1.4692018650675212
-2.378298912949657 -1.1157858214625322
-3.351250275496108 -1.043112343552163
-0.8565529776338359 -1.2294508759272547
-2.3042390280727307 -1.1213176389971324
-2.875248313156545 -1.0786667601725777
0.3026075594274644 -1.3160330329882395
-0.509488208293881 -1.2553744778862277
0.17137083730890268 -1.3062304576560555
-2.4915379504175794 -1.1073275623914127
2.606204483595346 -1.4880975437411255
-3.710913536461735 -1.0162477118170807
2.6848483888734966 -1.4939717593833735
2.618479006176347 -1.489014375023746
-1.324223917498386 -1.19451873540523
-2.889414239330824 -1.077608652683821
-3.435769905075757 -1.0367992474718273
4.297590004415381 -1.614433631049256
4.94981549385769 -1.6631508604239178
0.3967565230693806 -1.3230653810509498
-2.189159559281163 -1.1299133669595998
-4.79434011979675 -0.9353224149292368
2.280737541214286 -1.4637871665134496
-0.9184641398045521 -1.224826493198972
-4.722243643494524 -0.9407075779288057
-0.08139601794989826 -1.2873503294407596
-3.4275633915333814 -1.0374122235193475
-3.4428089880474664 -1.0362734713019734
-2.622423595868649 -1.0975512103252851
2.2927709585875604 -1.4646859887211436
4.0773095321932065 -1.5979800356812146
1.8859107897320282 -1.4342960384809333
1.6344332971422704 -1.4155122177205155
4.878874238562293 -1.657851985322751
-1.196209231404234 -1.2040806444792018
-1.4936333692378092 -1.1818648921374943
-4.292230325612562 -0.9728269258851814
4.091655108875393 -1.599051561957097
-4.617595976097527 -0.9485241145386553
1.7995809809176135 -1.4278477331540764
-4.9508759967344975 -0.9236301484576201
-4.925646919539956 -0.9255146052298455
4.113184401549699 -1.600659667599189
-2.5899397198405714 -1.0999775559144327
2.809808442850498 -1.5033055062405731
1.6625161343534476 -1.4176098328000457
2.8684558619903155 -1.507686107453981
2.641958320659387 -1.490768135291852
-4.816815040176454 -0.9336436767182363
-4.528843503001447 -0.9551533779749668
-3.4048178571592045 -1.0391111749300068
2.147387093907696 -1.4538267089204724
-3.8968289588403824 -1.0023609741428876
4.19686446612552 -1.6069100533415688
-0.8748799126249329 -1.2280819666924143
2.218133126281094 -1.4591110020710347
-1.4915220210704518 -1.1820225968494749
-0.1324117680235668 -1.283539766930876
-0.6152752499558201 -1.2474728370320527
-2.7331862222324945 -1.089277923920423
4.682105755452552 -1.643154590816507
-3.7654450160993234 -1.0121745459493752
-1.1187556690337908 -1.2098659488332406
-2.6458661736868017 -1.0958001940599182
3.2928805123587583 -1.5393880163473912
1.0771290327762149 -1.373885019584157
-3.5530792720491453 -1.028036959841018
-1.1230024056404275 -1.2095487437489434
-4.944989401644745 -0.9240698408766768
-0.16055127330685348 -1.281437919095172
2.507738573019447 -1.4807427463148355
2.9136589193609685 -1.5110624975982008
2.8856362483892664 -1.508969376566414
-1.8923664564675837 -1.1520819848695651
2.055606954030802 -1.4469712974120317
1.344062447483667 -1.3938233025899072
3.9799472465922907 -1.5907076722473399
-4.90676163198847 -0.9269252199640824
0.9270382487322113 -1.3626741618797966
2.4288371975206804 -1.4748492992319309
2.6721873075361433 -1.493026054541064
4.843460782860722 -1.655206818164629
-4.705823481203064 -0.9419340629798671
-2.762940444225457 -1.0870554666856789
1.1918713433693693 -1.3824555639045348
-0.61477775270673 -1.247509997014282
-1.5485228650391045 -1.1777649846660803
-0.8365976398779571 -1.2309414168252089
1.1340202169323952 -1.3781344408545564
-2.8489335294356466 -1.0806323125394006
-4.923121286555841 -0.9257032544675632
3.595492606690488 -1.5619912771057394
2.340866665159692 -1.4682784419553991
-1.3003492123419136 -1.1963020289228674
-2.5421736584629273 -1.1035453866817468
3.5343660033646636 -1.5574254960939233
-0.27667619305299596 -1.2727641023815315
-3.6707335328734727 -1.0192489107624914
-1.5756800568869158 -1.1757365095975072
2.2840315576549024 -1.4640332092656865
-1.004679948139544 -1.2183867030062137
2.3759453051502275 -1.4708986004408202
-0.8844089776751209 -1.2273702041880494
2.1150423393397864 -1.451410754848056
-3.657779876996514 -1.0202164691220057
-2.334321229919304 -1.1190706836861595
-0.5515210043032512 -1.252234886751576
1.461590211530761 -1.4026019031378085
-3.8925791009290824 -1.0026784123694301
1.8945147496443182 -1.434938701325858
0.9778558993278255 -1.3664699275780443
0.7507298844708927 -1.3495050123120076
-1.5118144599197434 -1.1805068765748234
-2.2493594641666705 -1.1254168046171071
1.1184708575279814 -1.3769729994190467
-0.014424331749392394 -1.2923527021646892
-0.6043045705270327 -1.2482922792568347
2.1154158387275164 -1.4514386529532939
-4.918626926728508 -0.9260389554822348
-2.861835000455174 -1.0796686520675196
2.054014530785281 -1.4468523531975395
1.7287879742277559 -1.422559931311219
2.244844151156636 -1.4611061512131003
-4.575175198388475 -0.9516926855181036
1.5726221284922106 -1.4108953038927292
4.062404345483095 -1.5968667099808505
1.9781162454238856 -1.4411832184627773
0.4860285512310636 -1.3297334520526103
1.664874231868323 -1.4177859681694533
1.21591973510764 -1.3842518307407279
3.153902797282374 -1.5290072364899039
4.778494450797654 -1.6503542330510768
3.406319163966282 -1.547861185366041
2.2491084328919255 -1.4614246668105109
0.9011394038665426 -1.3607396775852032
1.5945154087765605 -1.4125305971688145
1.2978043500644345 -1.3903681074482162
0.8747961707043137 -1.3587720002202297
0.8649540445340778 -1.358036853977203
3.7083516815295177 -1.5704211553072895
3.9995535573138223 -1.5921721429742177
-3.5699594927733305 -1.02677611125686
3.767100063001026 -1.5748092977854145
-1.2274739667659293 -1.201745361193576
-2.875182173902547 -1.07867170036774
2.4137602710564554 -1.4737231456290556
-4.2933608281421565 -0.9727424843048778
-1.948623155041692 -1.1478799557666555
1.5755202572168674 -1.4111117762694176
-4.414893317861511 -0.9636647553998112
-0.7058101756764987 -1.240710435356332
-1.0816496112736473 -1.2126375429465526
-3.069925103577816 -1.0641256022350283
3.879777750840077 -1.5832256274945697
1.8935728515068622 -1.434868347332718
2.1074450682034804 -1.4508432854581592
3.1974421885530386 -1.5322593610169286
1.5191538572262688 -1.4069015531459486
-4.39109468765511 -0.9654423665869474
2.026389731460484 -1.4447889507287308
1.5909638691761616 -1.4122653190216912
0.325092016296896 -1.317712483516322
2.53863790760927 -1.483050736411978
1.8473154583084543 -1.4314132047919876
-4.034233061574679 -0.9920977334411939
2.7512054825952514 -1.498928225832182
2.0844981822169135 -1.449129294321447
0.38331683192342325 -1.3220615188485663
-3.176909597250418 -1.0561345190864122
-2.425224651767385 -1.1122807576179505
2.904563912326531 -1.5103831565558266
0.40664976497482375 -1.3238043453247605
4.985835481052423 -1.6658413317511558
1.4687385784449534 -1.4031358421454831
-4.852740610115278 -0.9309602577788421
-3.651672997990796 -1.0206726153936567
-2.1773193856399873 -1.1307977550499917
0.1955283458406072 -1.3080348748450645
-1.2653348667554374 -1.1989173850120607
-2.7800672077648447 -1.0857762028707865
-2.7971688156294174 -1.0844988180299606
-1.1813166962476682 -1.2051930251863912
-2.1480540503212895 -1.132983695459445
3.9703049897754727 -1.5899874550147446
-1.4867327629807194 -1.182380324949141
3.640269761551407 -1.5653358549540681
4.074826814175488 -1.5977945919273293
4.413258778350723 -1.623073376478574
2.9409007605617656 -1.513097295452394
-4.1558839877773845 -0.9830111580598411
-2.849763086841114 -1.0805703497074417
1.0295680055227692 -1.3703325036038603
3.294830621984401 -1.5395336775327881
1.120891635015485 -1.3771538165965915
4.240744060458439 -1.6101875889432697
-1.0295991925495973 -1.2165253888358554
2.049154243904158 -1.4464893196843647
3.2392638222972074 -1.5353831796301507
-1.769369657149996 -1.161269088688258
-0.009101631964448131 -1.2927502750754587
0.7387863719138217 -1.348612905440687
0.1689549297488906 -1.3060500042321181
4.819310633376087 -1.6534029506511385
-0.6104055905357297 -1.247836570616197
-0.039113363693119574 -1.2905085834485237
-3.906347602502586 -1.0016499900520577
4.798271897741651 -1.6518314866003667
1.0423650277544727 -1.3712883623942114
4.46096168918171 -1.6266364902887678
-2.2304930834379655 -1.1268260071280607
3.614623545541754 -1.5634202404799962
-2.4943522953339925 -1.10711734814948
-1.8314545528333284 -1.1566317291359762
1.1646802945684085 -1.3804245599299636
0.96802504095995 -1.3657356229704964
3.76247344989277 -1.5744637182647254
-4.264070630635956 -0.9749302817667016
3.4067558812456475 -1.5478938054586546
-0.15038446258475968 -1.28219731727567
-3.268077195103821 -1.0493248606967058
1.3610750623994914 -1.3950940402052459
4.035089494417823 -1.5948264587391834
-1.4873207232204533 -1.1823364079383434
-2.193068790801722 -1.1296213714277652
-3.793417521164113 -1.0100851720020452
3.661113383381414 -1.5668927452046462
-4.380479921266439 -0.9662352242984078
4.565994358140191 -1.6344817841454347
1.9403317977772918 -1.4383609528006853
1.32308039594733 -1.3922560724923518
-2.3400409123749077 -1.1186434586134655
0.9779031526230195 -1.366473457108334
-0.14821378985756883 -1.2823594531671059
-2.023783323327609 -1.1422659538340507
0.8610667944487416 -1.3577465003232758
1.4988141129446184 -1.405382299446682
2.4016155066510407 -1.4728160064834424
-3.720826356611544 -1.0155072851689275
2.6829890984026665 -1.4938328818298159
4.9719323607019295 -1.6648028542397697
0.30378622992944315 -1.3161210724195889
-1.4525777295481133 -1.1849314957098211
-4.213918642605236 -0.9786763265687485
-0.1376503645324858 -1.2831484760171392
3.938508523097184 -1.5876124546727701
2.1717690761454556 -1.4556478929136056
-0.4193129893033811 -1.2621100116833304
-4.405436464842704 -0.9643711241099235
-1.594124108225957 -1.1743588524923696
-1.3625827464959062 -1.1916535669917516
-1.98547289395123 -1.1451275070937474
3.235700226208424 -1.5351170009375572
-3.117612720684726 -1.0605636307718846
4.644622534270132 -1.64035482491713
-1.8898848176076966 -1.152267348017003
-2.527163287465206 -1.1046665690009476
-1.2717055276132272 -1.1984415358597338
-3.991990252484169 -0.9952530112602992
-3.0955732904449764 -1.0622098405500318
4.317961750113231 -1.615955275057332
2.528023524677149 -1.4822579073423616
-4.367628956865344 -0.9671951122367788
4.08822364881639 -1.5987952530125826
-1.939840104107473 -1.1485359956085475
3.433061270549688 -1.5498586561203644
-1.076475143277864 -1.2130240438550925
-0.13567095083301695 -1.2832963260364736
-0.7140447824275071 -1.2400953609190513
3.608953505683324 -1.5629967234037427
2.3148091054303332 -1.4663321026374363
-2.645308662456162 -1.0958418367171614
-3.130582574373415 -1.0595948625355376
1.0084880655695052 -1.3687579618440995
4.673640661796938 -1.6425223004261835
-4.423561852135127 -0.9630172692475742
2.446591303064574 -1.47617542163304
4.6992029648271725 -1.644431647117208
-1.8168167048882666 -1.157725086276159
1.1464819224529466 -1.3790652535505816
-3.9519997374505014 -0.998240056577053
-0.7047564734814751 -1.2407891404243776
2.1104631281263098 -1.4510687159571307
-1.4195596153580006 -1.1873977456012412
-3.52152801001258 -1.0303936449055802
-0.9027182789213395 -1.2260026120854095
4.285721570375914 -1.6135471320810644
-3.973581477301158 -0.9966280334537191
3.1371610947360136 -1.5277567343609992
-3.9805056302716366 -0.9961108418475209
-3.9702569822788214 -0.9968763527684037
-2.337644352219815 -1.1188224669053457
1.0900788511448702 -1.3748522913054224
-2.317541230657294 -1.1203240463439927
-0.19808825361205518 -1.27863413772023
4.399009085633105 -1.6220090121446438
3.213410512326929 -1.5334520965119591
-4.85305013202723 -0.93093713839724
1.2526242045204308 -1.386993428676416
-4.976012186109722 -0.9217526298337393
-0.3731937667698375 -1.2655548337258864
3.8658288003221877 -1.5821837267517809
-4.4056676078943715 -0.964353859146734
-0.3941423230607777 -1.2639901055169867
4.9011174186963515 -1.6595134139638477
-3.9575882275388006 -0.9978226307666596
-0.009119303571071491 -1.2927489551152191
-0.2889609365298442 -1.2718465076609047
2.807321414041656 -1.5031197404971255
-0.6349139864168629 -1.2460059443020257
-0.5505418289631976 -1.2523080251222953
2.4705834200301124 -1.477967485090102
2.6425723242690404 -1.4908139975820762
2.8082336358552595 -1.5031878778515424
2.387023009975592 -1.471726036803946
-1.5296555618925813 -1.179174256075967
0.1637008699434741 -1.3056575583053154
-4.711080575692629 -0.9415413903808381
-4.589377295679725 -0.9506318762695558
-2.4788792098083734 -1.1082730923957373
-2.8337210355652 -1.0817685921930538
1.165695229868109 -1.3805003693495528
1.7695601307522724 -1.4256053604360495
4.766286680439784 -1.64944238774864
1.202133376302986 -1.383222074598106
4.661196225706716 -1.641592777650304
-4.707176466779238 -0.9418330032854485
-1.2109824661309219 -1.2029771747797868
-4.458203245397492 -0.960429770401334
0.626626698640635 -1.3402352682310326
3.8470310620096253 -1.580779651406794
1.6999007477541959 -1.420402233305099
-2.6014451498985744 -1.0991181711092342
1.3974493198734796 -1.3978109733416808
2.82843924032664 -1.5046971121326613
3.8970249746946255 -1.584513888953527
3.9312545793308953 -1.587070629724108
-1.5009422605916276 -1.1813189629422662
-1.6195399504919417 -1.1724604455189147
-0.38899564720470625 -1.264374530523761
1.1283294275290379 -1.377709373915018
3.9483751162228877 -1.588349428446767
2.0672921586168025 -1.4478441102678936
-1.5516080113236184 -1.177534543228832
4.025526969836818 -1.5941121970138221
-4.454520010019364 -0.9607048854124179
3.044853447008478 -1.5208619212631196
3.136823043714541 -1.5277314840305232
4.296116222891618 -1.6143235486410956
2.5353667993769804 -1.4828064047618947
-2.7898582213487977 -1.0850448744233385
-3.3951188639641225 -1.0398356300208254
0.8692005063869797 -1.3583540385390873
3.5454897726777155 -1.5582563731907355
-1.363902605377115 -1.19155498165754
-3.784117972470903 -1.010779791047301
0.6480809712581479 -1.341837770336658
-3.9331409005264417 -0.9996486956122344
2.0557552900116303 -1.4469823771967372
0.48017477474585046 -1.3292962109813022
1.2814765977140805 -1.3891485248509383
1.8420921504086785 -1.4310230558432468
0.35497560621358026 -1.3199446037386615
2.8908078103908696 -1.5093556604150764
-0.9032972582984824 -1.225959365889767
-2.4150540207095217 -1.1130404411540151
2.3336042492074274 -1.4677359841865942
3.7879209145684705 -1.5763644872375384
0.016419821910965027 -1.2946565705860598
3.011782695592686 -1.5183917396949427
-2.9480335313547537 -1.0732301523928374
-2.8011083377885027 -1.084204559973878
0.8951216291545459 -1.3602901868558237
4.822679981283827 -1.6536546202002766
2.116448632413195 -1.4515157962843908
-4.900486329050109 -0.9273939464667909
-1.8921286290050143 -1.1520997491171039
-1.137165410658029 -1.2084908544526098
-2.9122953239129625 -1.075899576506988
3.680215060047491 -1.5683195228737887
-3.950904221838245 -0.9983218848499888
-2.618324571910824 -1.0978573821839415
-1.8771411030698557 -1.153219225050751
3.7872184954038897 -1.5763120208495913
-1.7808677566163436 -1.1604102514331336
-4.587261042467537 -0.9507899473581929
-4.306614073885431 -0.9717525484264349
-2.297553766327538 -1.121816986899265
-2.3514213784594915 -1.1177934078478824
-1.3969151093697594 -1.1890891508133379
1.007429798301338 -1.36867891579319
0.43217290887028526 -1.3257107670694563
4.1042629321347714 -1.5999932887488046
-3.7380557127542593 -1.0142203583180616
2.8240163827886704 -1.5043667518988826
4.686734637366483 -1.6435003398030148
-1.8323585683254864 -1.1565642047432583
-2.5874862319792125 -1.10016081635556
4.187556980191967 -1.606214841433316
-4.606001218169633 -0.9493901715858889
-1.3176543009765807 -1.195009445321014
2.863457767818522 -1.5073127805844473
-1.4269112566305777 -1.1868486232502233
-3.963566661263047 -0.9973760785669067
1.939767185545362 -1.4383187797423553
-2.901331371313555 -1.0767185162790214
4.464754979134533 -1.6269198256991553
-3.796866632889826 -1.0098275445866798
2.9475097153292538 -1.5135909436929893
3.8455495120415364 -1.58066898874366
3.6719849053520335 -1.5677047809776534
-4.400125135179131 -0.9647678477426138
0.061789300090444144 -1.298045391340318
2.1711392385157833 -1.4556008479195504
-2.782849860414359 -1.0855683558461136
-0.27310914401355557 -1.2730305389882848
3.90537105544656 -1.585137289812514
-2.939915026606421 -1.0738365547251687
2.4279563259572514 -1.4747835035482297
-2.6529793628874487 -1.0952688826109138
-4.890958070704567 -0.9281056487152843
-4.5653779003262205 -0.9524244833773976
-3.8450428644588386 -1.0062290766308182
2.723158429240213 -1.4968332835864426
-2.2040270839069196 -1.128802854385113
-0.8295295312213309 -1.2314693610350624
1.5553429121387037 -1.409604652791025
-3.7634707536926526 -1.0123220111988456
-3.022411964736306 -1.067674541245724
-3.9592543631940047 -0.9976981806888907
-2.835395342474839 -1.0816435317728756
-1.8602643441574083 -1.1544798150588809
4.075882223186882 -1.5978734244840516
4.863148846738625 -1.656677395349067
2.6120409777376574 -1.4885334939277977
0.416614818352949 -1.3245486734735545
-1.425423257460996 -1.1869597676290113
0.7034917980343822 -1.345976618022917
2.692220206035306 -1.494522388749127
4.437649331714731 -1.6248952006820796
-3.3831460880427713 -1.040729922685331
2.4044677146382174 -1.4730290488637001
0.01643421505944964 -1.2946576456656564
-1.3148659032180818 -1.1952177214699646
3.693999658597116 -1.569349147536195
3.833885977557671 -1.5797977945110402
1.9207908551501651 -1.4369013646680953
2.0142471940486537 -1.4438819779258305
-1.9218182326575093 -1.1498821184746428
2.895223214912871 -1.5096854639544386
-4.062935462271183 -0.9899538407829498
0.45621107128369065 -1.3275062698380473
2.8859317210536775 -1.5089914465557033
1.3843534487270226 -1.396832792376922
1.450779469204715 -1.4017944072301298
0.3739244491816205 -1.3213599656713082
-2.024745359961493 -1.1421940956191874
-1.2867415457810605 -1.1973184378547934
